47,1
47,3
10,91
10,87
10,141
10,149
10,27
10,99
10,115
9,2
9,3
8,15
8,7
8,17
8,8
8,14
8,2
8,3
48,3
48,1
47,2
46,3
46,1
45,3
45,1
43,3
43,1
40,3
40,1
38,3
38,1
36,3
36,1
34,3
34,1
29,3
29,1
26,3
26,1
12,3
12,2
20,2
12,1
20,1
11,29
20,3
11,28
11,27
11,26
11,25
11,24
11,23
11,22
11,21
11,20
19,2
11,19
19,1
11,18
19,3
11,17
11,16
11,15
11,14
11,13
11,12
11,11
11,10
11,9
11,8
11,7
11,6
11,5
11,4
11,3
11,2
11,1
11,0
10,313
10,310
10,308
10,307
10,304
10,302
10,300
10,295
10,293
10,290
10,286
10,285
10,283
10,282
10,279
10,278
10,272
10,252
10,224
10,218
10,214
10,184
10,156
10,125
10,116
10,114
10,108
10,72
18,1
